{
 "cells": [
  {
   "cell_type": "code",
   "execution_count": 6,
   "id": "f08bca87",
   "metadata": {},
   "outputs": [],
   "source": [
    "import numpy as np\n",
    "import pandas as pd\n",
    "import matplotlib.pyplot as plt\n",
    "import yfinance as yf\n",
    "import scipy.integrate as integrate\n",
    "from datetime import date\n",
    "from datetime import timedelta\n",
    "from scipy.stats import norm\n",
    "from pandas_datareader import data"
   ]
  },
  {
   "cell_type": "code",
   "execution_count": 3,
   "id": "7234dafc",
   "metadata": {},
   "outputs": [
    {
     "name": "stdout",
     "output_type": "stream",
     "text": [
      "[*********************100%***********************]  17 of 17 completed\n"
     ]
    },
    {
     "data": {
      "text/html": [
       "<div>\n",
       "<style scoped>\n",
       "    .dataframe tbody tr th:only-of-type {\n",
       "        vertical-align: middle;\n",
       "    }\n",
       "\n",
       "    .dataframe tbody tr th {\n",
       "        vertical-align: top;\n",
       "    }\n",
       "\n",
       "    .dataframe thead th {\n",
       "        text-align: right;\n",
       "    }\n",
       "</style>\n",
       "<table border=\"1\" class=\"dataframe\">\n",
       "  <thead>\n",
       "    <tr style=\"text-align: right;\">\n",
       "      <th></th>\n",
       "      <th>300750.SZ</th>\n",
       "      <th>ANET</th>\n",
       "      <th>ASML</th>\n",
       "      <th>BHP.AX</th>\n",
       "      <th>BP</th>\n",
       "      <th>CRC</th>\n",
       "      <th>CSCO</th>\n",
       "      <th>DE</th>\n",
       "      <th>EBIX</th>\n",
       "      <th>EQNR</th>\n",
       "      <th>IBE.MC</th>\n",
       "      <th>KER.PA</th>\n",
       "      <th>PUB.PA</th>\n",
       "      <th>SCCO</th>\n",
       "      <th>SNPS</th>\n",
       "      <th>UNFI</th>\n",
       "      <th>WFG</th>\n",
       "    </tr>\n",
       "    <tr>\n",
       "      <th>Date</th>\n",
       "      <th></th>\n",
       "      <th></th>\n",
       "      <th></th>\n",
       "      <th></th>\n",
       "      <th></th>\n",
       "      <th></th>\n",
       "      <th></th>\n",
       "      <th></th>\n",
       "      <th></th>\n",
       "      <th></th>\n",
       "      <th></th>\n",
       "      <th></th>\n",
       "      <th></th>\n",
       "      <th></th>\n",
       "      <th></th>\n",
       "      <th></th>\n",
       "      <th></th>\n",
       "    </tr>\n",
       "  </thead>\n",
       "  <tbody>\n",
       "    <tr>\n",
       "      <th>2023-01-18</th>\n",
       "      <td>448.500000</td>\n",
       "      <td>115.000000</td>\n",
       "      <td>652.289978</td>\n",
       "      <td>49.080002</td>\n",
       "      <td>35.340000</td>\n",
       "      <td>45.490002</td>\n",
       "      <td>46.900002</td>\n",
       "      <td>425.989990</td>\n",
       "      <td>19.090000</td>\n",
       "      <td>30.809999</td>\n",
       "      <td>10.800</td>\n",
       "      <td>543.700012</td>\n",
       "      <td>62.160000</td>\n",
       "      <td>75.339996</td>\n",
       "      <td>335.660004</td>\n",
       "      <td>39.570000</td>\n",
       "      <td>72.860001</td>\n",
       "    </tr>\n",
       "    <tr>\n",
       "      <th>2023-01-19</th>\n",
       "      <td>446.769989</td>\n",
       "      <td>111.510002</td>\n",
       "      <td>630.250000</td>\n",
       "      <td>49.680000</td>\n",
       "      <td>35.540001</td>\n",
       "      <td>46.959999</td>\n",
       "      <td>46.459999</td>\n",
       "      <td>408.600006</td>\n",
       "      <td>18.540001</td>\n",
       "      <td>31.040001</td>\n",
       "      <td>10.805</td>\n",
       "      <td>530.000000</td>\n",
       "      <td>61.820000</td>\n",
       "      <td>76.160004</td>\n",
       "      <td>331.279999</td>\n",
       "      <td>38.770000</td>\n",
       "      <td>71.889999</td>\n",
       "    </tr>\n",
       "    <tr>\n",
       "      <th>2023-01-20</th>\n",
       "      <td>452.000000</td>\n",
       "      <td>115.129997</td>\n",
       "      <td>648.849976</td>\n",
       "      <td>49.950001</td>\n",
       "      <td>35.500000</td>\n",
       "      <td>47.320000</td>\n",
       "      <td>46.779999</td>\n",
       "      <td>410.600006</td>\n",
       "      <td>19.280001</td>\n",
       "      <td>31.309999</td>\n",
       "      <td>10.805</td>\n",
       "      <td>531.599976</td>\n",
       "      <td>62.180000</td>\n",
       "      <td>75.050003</td>\n",
       "      <td>342.420013</td>\n",
       "      <td>39.990002</td>\n",
       "      <td>74.510002</td>\n",
       "    </tr>\n",
       "    <tr>\n",
       "      <th>2023-01-23</th>\n",
       "      <td>NaN</td>\n",
       "      <td>119.160004</td>\n",
       "      <td>676.030029</td>\n",
       "      <td>49.400002</td>\n",
       "      <td>35.580002</td>\n",
       "      <td>47.189999</td>\n",
       "      <td>47.500000</td>\n",
       "      <td>409.339996</td>\n",
       "      <td>19.750000</td>\n",
       "      <td>31.080000</td>\n",
       "      <td>10.815</td>\n",
       "      <td>537.299988</td>\n",
       "      <td>62.240002</td>\n",
       "      <td>74.230003</td>\n",
       "      <td>350.329987</td>\n",
       "      <td>40.639999</td>\n",
       "      <td>74.559998</td>\n",
       "    </tr>\n",
       "    <tr>\n",
       "      <th>2023-01-24</th>\n",
       "      <td>NaN</td>\n",
       "      <td>121.769997</td>\n",
       "      <td>670.010010</td>\n",
       "      <td>49.709999</td>\n",
       "      <td>35.290001</td>\n",
       "      <td>47.200001</td>\n",
       "      <td>47.810001</td>\n",
       "      <td>416.670013</td>\n",
       "      <td>19.520000</td>\n",
       "      <td>30.580000</td>\n",
       "      <td>10.845</td>\n",
       "      <td>538.799988</td>\n",
       "      <td>64.080002</td>\n",
       "      <td>75.400002</td>\n",
       "      <td>349.279999</td>\n",
       "      <td>40.480000</td>\n",
       "      <td>78.169998</td>\n",
       "    </tr>\n",
       "  </tbody>\n",
       "</table>\n",
       "</div>"
      ],
      "text/plain": [
       "             300750.SZ        ANET        ASML     BHP.AX         BP  \\\n",
       "Date                                                                   \n",
       "2023-01-18  448.500000  115.000000  652.289978  49.080002  35.340000   \n",
       "2023-01-19  446.769989  111.510002  630.250000  49.680000  35.540001   \n",
       "2023-01-20  452.000000  115.129997  648.849976  49.950001  35.500000   \n",
       "2023-01-23         NaN  119.160004  676.030029  49.400002  35.580002   \n",
       "2023-01-24         NaN  121.769997  670.010010  49.709999  35.290001   \n",
       "\n",
       "                  CRC       CSCO          DE       EBIX       EQNR  IBE.MC  \\\n",
       "Date                                                                         \n",
       "2023-01-18  45.490002  46.900002  425.989990  19.090000  30.809999  10.800   \n",
       "2023-01-19  46.959999  46.459999  408.600006  18.540001  31.040001  10.805   \n",
       "2023-01-20  47.320000  46.779999  410.600006  19.280001  31.309999  10.805   \n",
       "2023-01-23  47.189999  47.500000  409.339996  19.750000  31.080000  10.815   \n",
       "2023-01-24  47.200001  47.810001  416.670013  19.520000  30.580000  10.845   \n",
       "\n",
       "                KER.PA     PUB.PA       SCCO        SNPS       UNFI        WFG  \n",
       "Date                                                                            \n",
       "2023-01-18  543.700012  62.160000  75.339996  335.660004  39.570000  72.860001  \n",
       "2023-01-19  530.000000  61.820000  76.160004  331.279999  38.770000  71.889999  \n",
       "2023-01-20  531.599976  62.180000  75.050003  342.420013  39.990002  74.510002  \n",
       "2023-01-23  537.299988  62.240002  74.230003  350.329987  40.639999  74.559998  \n",
       "2023-01-24  538.799988  64.080002  75.400002  349.279999  40.480000  78.169998  "
      ]
     },
     "execution_count": 3,
     "metadata": {},
     "output_type": "execute_result"
    }
   ],
   "source": [
    "#historical prices for our stocks\n",
    "tickers = ['CRC','IBE.MC','300750.SZ','SCCO','PUB.PA','KER.PA','CSCO','UNFI','EQNR','EBIX','ASML','SNPS','DE','WFG','BHP.AX','ANET','BP']\n",
    "dataf = yf.download(tickers, start=\"2021-01-25\",end=\"2023-01-25\",ignore_tz=True)\n",
    "prices = dataf['Adj Close']\n",
    "prices.tail()\n"
   ]
  },
  {
   "cell_type": "code",
   "execution_count": 4,
   "id": "224fc709",
   "metadata": {},
   "outputs": [
    {
     "name": "stdout",
     "output_type": "stream",
     "text": [
      "[*********************100%***********************]  1 of 1 completed\n"
     ]
    },
    {
     "data": {
      "text/plain": [
       "Date\n",
       "2023-01-18    506.339996\n",
       "2023-01-19    495.790009\n",
       "2023-01-20    511.760010\n",
       "2023-01-23    514.979980\n",
       "2023-01-24    519.840027\n",
       "Name: Adj Close, dtype: float64"
      ]
     },
     "execution_count": 4,
     "metadata": {},
     "output_type": "execute_result"
    }
   ],
   "source": [
    "#market data over the same period\n",
    "market_prices = yf.download(\"MSCI\", start=\"2021-01-25\", end=\"2023-01-25\")[\"Adj Close\"]\n",
    "market_prices.tail()"
   ]
  },
  {
   "cell_type": "code",
   "execution_count": 7,
   "id": "76b8e884",
   "metadata": {},
   "outputs": [
    {
     "data": {
      "text/plain": [
       "{'CRC': 2995408384,\n",
       " 'IBE.MC': 65621012480,\n",
       " '300750.SZ': 1114273087488,\n",
       " 'SCCO': 58500321280,\n",
       " 'PUB.PA': 18872479744,\n",
       " 'KER.PA': 73206980608,\n",
       " 'CSCO': 199776911360,\n",
       " 'UNFI': 2590703872,\n",
       " 'EQNR': 93011107840,\n",
       " 'EBIX': 627349120,\n",
       " 'ASML': 281905692672,\n",
       " 'SNPS': 55089598464,\n",
       " 'DE': 120663564288,\n",
       " 'WFG': 7258801152,\n",
       " 'BHP.AX': 343670882304,\n",
       " 'ANET': 40551309312,\n",
       " 'BP': 105969868800}"
      ]
     },
     "execution_count": 7,
     "metadata": {},
     "output_type": "execute_result"
    }
   ],
   "source": [
    "mcaps = data.get_quote_yahoo(tickers)['marketCap']\n",
    "mcaps.to_dict()"
   ]
  },
  {
   "cell_type": "code",
   "execution_count": 58,
   "id": "e50ee8bf",
   "metadata": {},
   "outputs": [],
   "source": [
    "import pypfopt"
   ]
  },
  {
   "cell_type": "code",
   "execution_count": 59,
   "id": "d6e5028d",
   "metadata": {},
   "outputs": [
    {
     "name": "stdout",
     "output_type": "stream",
     "text": [
      "1.506094167773588\n"
     ]
    },
    {
     "data": {
      "text/html": [
       "<div>\n",
       "<style scoped>\n",
       "    .dataframe tbody tr th:only-of-type {\n",
       "        vertical-align: middle;\n",
       "    }\n",
       "\n",
       "    .dataframe tbody tr th {\n",
       "        vertical-align: top;\n",
       "    }\n",
       "\n",
       "    .dataframe thead th {\n",
       "        text-align: right;\n",
       "    }\n",
       "</style>\n",
       "<table border=\"1\" class=\"dataframe\">\n",
       "  <thead>\n",
       "    <tr style=\"text-align: right;\">\n",
       "      <th></th>\n",
       "      <th>300750.SZ</th>\n",
       "      <th>ANET</th>\n",
       "      <th>ASML</th>\n",
       "      <th>BHP.AX</th>\n",
       "      <th>BP</th>\n",
       "      <th>CRC</th>\n",
       "      <th>CSCO</th>\n",
       "      <th>DE</th>\n",
       "      <th>EBIX</th>\n",
       "      <th>EQNR</th>\n",
       "      <th>IBE.MC</th>\n",
       "      <th>KER.PA</th>\n",
       "      <th>PUB.PA</th>\n",
       "      <th>SCCO</th>\n",
       "      <th>SNPS</th>\n",
       "      <th>UNFI</th>\n",
       "      <th>WFG</th>\n",
       "    </tr>\n",
       "  </thead>\n",
       "  <tbody>\n",
       "    <tr>\n",
       "      <th>300750.SZ</th>\n",
       "      <td>0.232146</td>\n",
       "      <td>0.016343</td>\n",
       "      <td>0.021885</td>\n",
       "      <td>0.004962</td>\n",
       "      <td>0.005994</td>\n",
       "      <td>0.005041</td>\n",
       "      <td>0.000487</td>\n",
       "      <td>-0.001325</td>\n",
       "      <td>0.037466</td>\n",
       "      <td>0.006319</td>\n",
       "      <td>-0.006213</td>\n",
       "      <td>0.020198</td>\n",
       "      <td>0.009922</td>\n",
       "      <td>0.032983</td>\n",
       "      <td>0.018376</td>\n",
       "      <td>0.000106</td>\n",
       "      <td>0.003381</td>\n",
       "    </tr>\n",
       "    <tr>\n",
       "      <th>ANET</th>\n",
       "      <td>0.016343</td>\n",
       "      <td>0.148431</td>\n",
       "      <td>0.101918</td>\n",
       "      <td>-0.000217</td>\n",
       "      <td>0.020704</td>\n",
       "      <td>0.036498</td>\n",
       "      <td>0.049861</td>\n",
       "      <td>0.028652</td>\n",
       "      <td>0.122597</td>\n",
       "      <td>0.018019</td>\n",
       "      <td>0.014916</td>\n",
       "      <td>0.031013</td>\n",
       "      <td>0.020171</td>\n",
       "      <td>0.038755</td>\n",
       "      <td>0.080916</td>\n",
       "      <td>0.036240</td>\n",
       "      <td>0.040507</td>\n",
       "    </tr>\n",
       "    <tr>\n",
       "      <th>ASML</th>\n",
       "      <td>0.021885</td>\n",
       "      <td>0.101918</td>\n",
       "      <td>0.196789</td>\n",
       "      <td>-0.001036</td>\n",
       "      <td>0.036724</td>\n",
       "      <td>0.053864</td>\n",
       "      <td>0.054573</td>\n",
       "      <td>0.046734</td>\n",
       "      <td>0.160281</td>\n",
       "      <td>0.032804</td>\n",
       "      <td>0.020831</td>\n",
       "      <td>0.056307</td>\n",
       "      <td>0.042568</td>\n",
       "      <td>0.066610</td>\n",
       "      <td>0.112286</td>\n",
       "      <td>0.041436</td>\n",
       "      <td>0.059605</td>\n",
       "    </tr>\n",
       "    <tr>\n",
       "      <th>BHP.AX</th>\n",
       "      <td>0.004962</td>\n",
       "      <td>-0.000217</td>\n",
       "      <td>-0.001036</td>\n",
       "      <td>0.096303</td>\n",
       "      <td>0.012044</td>\n",
       "      <td>0.003699</td>\n",
       "      <td>-0.001148</td>\n",
       "      <td>0.005348</td>\n",
       "      <td>-0.028074</td>\n",
       "      <td>0.008551</td>\n",
       "      <td>-0.000809</td>\n",
       "      <td>0.010365</td>\n",
       "      <td>0.002183</td>\n",
       "      <td>0.016200</td>\n",
       "      <td>-0.008061</td>\n",
       "      <td>-0.007173</td>\n",
       "      <td>-0.001548</td>\n",
       "    </tr>\n",
       "    <tr>\n",
       "      <th>BP</th>\n",
       "      <td>0.005994</td>\n",
       "      <td>0.020704</td>\n",
       "      <td>0.036724</td>\n",
       "      <td>0.012044</td>\n",
       "      <td>0.111227</td>\n",
       "      <td>0.075699</td>\n",
       "      <td>0.017812</td>\n",
       "      <td>0.040316</td>\n",
       "      <td>0.053333</td>\n",
       "      <td>0.074932</td>\n",
       "      <td>0.004880</td>\n",
       "      <td>0.022414</td>\n",
       "      <td>0.024991</td>\n",
       "      <td>0.055459</td>\n",
       "      <td>0.011615</td>\n",
       "      <td>0.041078</td>\n",
       "      <td>0.037028</td>\n",
       "    </tr>\n",
       "    <tr>\n",
       "      <th>CRC</th>\n",
       "      <td>0.005041</td>\n",
       "      <td>0.036498</td>\n",
       "      <td>0.053864</td>\n",
       "      <td>0.003699</td>\n",
       "      <td>0.075699</td>\n",
       "      <td>0.200916</td>\n",
       "      <td>0.024046</td>\n",
       "      <td>0.036098</td>\n",
       "      <td>0.069469</td>\n",
       "      <td>0.079396</td>\n",
       "      <td>0.009371</td>\n",
       "      <td>0.022407</td>\n",
       "      <td>0.022942</td>\n",
       "      <td>0.059154</td>\n",
       "      <td>0.033740</td>\n",
       "      <td>0.061302</td>\n",
       "      <td>0.043015</td>\n",
       "    </tr>\n",
       "    <tr>\n",
       "      <th>CSCO</th>\n",
       "      <td>0.000487</td>\n",
       "      <td>0.049861</td>\n",
       "      <td>0.054573</td>\n",
       "      <td>-0.001148</td>\n",
       "      <td>0.017812</td>\n",
       "      <td>0.024046</td>\n",
       "      <td>0.065909</td>\n",
       "      <td>0.021221</td>\n",
       "      <td>0.059906</td>\n",
       "      <td>0.014127</td>\n",
       "      <td>0.011893</td>\n",
       "      <td>0.020851</td>\n",
       "      <td>0.016094</td>\n",
       "      <td>0.022146</td>\n",
       "      <td>0.034025</td>\n",
       "      <td>0.028726</td>\n",
       "      <td>0.029004</td>\n",
       "    </tr>\n",
       "    <tr>\n",
       "      <th>DE</th>\n",
       "      <td>-0.001325</td>\n",
       "      <td>0.028652</td>\n",
       "      <td>0.046734</td>\n",
       "      <td>0.005348</td>\n",
       "      <td>0.040316</td>\n",
       "      <td>0.036098</td>\n",
       "      <td>0.021221</td>\n",
       "      <td>0.104736</td>\n",
       "      <td>0.055096</td>\n",
       "      <td>0.040142</td>\n",
       "      <td>0.003896</td>\n",
       "      <td>0.021727</td>\n",
       "      <td>0.020329</td>\n",
       "      <td>0.053287</td>\n",
       "      <td>0.026513</td>\n",
       "      <td>0.039331</td>\n",
       "      <td>0.044022</td>\n",
       "    </tr>\n",
       "    <tr>\n",
       "      <th>EBIX</th>\n",
       "      <td>0.037466</td>\n",
       "      <td>0.122597</td>\n",
       "      <td>0.160281</td>\n",
       "      <td>-0.028074</td>\n",
       "      <td>0.053333</td>\n",
       "      <td>0.069469</td>\n",
       "      <td>0.059906</td>\n",
       "      <td>0.055096</td>\n",
       "      <td>0.763457</td>\n",
       "      <td>0.035355</td>\n",
       "      <td>0.030512</td>\n",
       "      <td>0.066041</td>\n",
       "      <td>0.059722</td>\n",
       "      <td>0.076209</td>\n",
       "      <td>0.112129</td>\n",
       "      <td>0.078830</td>\n",
       "      <td>0.112006</td>\n",
       "    </tr>\n",
       "    <tr>\n",
       "      <th>EQNR</th>\n",
       "      <td>0.006319</td>\n",
       "      <td>0.018019</td>\n",
       "      <td>0.032804</td>\n",
       "      <td>0.008551</td>\n",
       "      <td>0.074932</td>\n",
       "      <td>0.079396</td>\n",
       "      <td>0.014127</td>\n",
       "      <td>0.040142</td>\n",
       "      <td>0.035355</td>\n",
       "      <td>0.130790</td>\n",
       "      <td>-0.000991</td>\n",
       "      <td>0.014349</td>\n",
       "      <td>0.014555</td>\n",
       "      <td>0.056723</td>\n",
       "      <td>0.017140</td>\n",
       "      <td>0.030846</td>\n",
       "      <td>0.031889</td>\n",
       "    </tr>\n",
       "    <tr>\n",
       "      <th>IBE.MC</th>\n",
       "      <td>-0.006213</td>\n",
       "      <td>0.014916</td>\n",
       "      <td>0.020831</td>\n",
       "      <td>-0.000809</td>\n",
       "      <td>0.004880</td>\n",
       "      <td>0.009371</td>\n",
       "      <td>0.011893</td>\n",
       "      <td>0.003896</td>\n",
       "      <td>0.030512</td>\n",
       "      <td>-0.000991</td>\n",
       "      <td>0.056954</td>\n",
       "      <td>0.020734</td>\n",
       "      <td>0.017140</td>\n",
       "      <td>0.002125</td>\n",
       "      <td>0.016254</td>\n",
       "      <td>-0.000936</td>\n",
       "      <td>0.008541</td>\n",
       "    </tr>\n",
       "    <tr>\n",
       "      <th>KER.PA</th>\n",
       "      <td>0.020198</td>\n",
       "      <td>0.031013</td>\n",
       "      <td>0.056307</td>\n",
       "      <td>0.010365</td>\n",
       "      <td>0.022414</td>\n",
       "      <td>0.022407</td>\n",
       "      <td>0.020851</td>\n",
       "      <td>0.021727</td>\n",
       "      <td>0.066041</td>\n",
       "      <td>0.014349</td>\n",
       "      <td>0.020734</td>\n",
       "      <td>0.101486</td>\n",
       "      <td>0.041368</td>\n",
       "      <td>0.033850</td>\n",
       "      <td>0.024484</td>\n",
       "      <td>0.020137</td>\n",
       "      <td>0.031638</td>\n",
       "    </tr>\n",
       "    <tr>\n",
       "      <th>PUB.PA</th>\n",
       "      <td>0.009922</td>\n",
       "      <td>0.020171</td>\n",
       "      <td>0.042568</td>\n",
       "      <td>0.002183</td>\n",
       "      <td>0.024991</td>\n",
       "      <td>0.022942</td>\n",
       "      <td>0.016094</td>\n",
       "      <td>0.020329</td>\n",
       "      <td>0.059722</td>\n",
       "      <td>0.014555</td>\n",
       "      <td>0.017140</td>\n",
       "      <td>0.041368</td>\n",
       "      <td>0.078554</td>\n",
       "      <td>0.025285</td>\n",
       "      <td>0.018745</td>\n",
       "      <td>0.017129</td>\n",
       "      <td>0.031902</td>\n",
       "    </tr>\n",
       "    <tr>\n",
       "      <th>SCCO</th>\n",
       "      <td>0.032983</td>\n",
       "      <td>0.038755</td>\n",
       "      <td>0.066610</td>\n",
       "      <td>0.016200</td>\n",
       "      <td>0.055459</td>\n",
       "      <td>0.059154</td>\n",
       "      <td>0.022146</td>\n",
       "      <td>0.053287</td>\n",
       "      <td>0.076209</td>\n",
       "      <td>0.056723</td>\n",
       "      <td>0.002125</td>\n",
       "      <td>0.033850</td>\n",
       "      <td>0.025285</td>\n",
       "      <td>0.146680</td>\n",
       "      <td>0.041603</td>\n",
       "      <td>0.037538</td>\n",
       "      <td>0.054512</td>\n",
       "    </tr>\n",
       "    <tr>\n",
       "      <th>SNPS</th>\n",
       "      <td>0.018376</td>\n",
       "      <td>0.080916</td>\n",
       "      <td>0.112286</td>\n",
       "      <td>-0.008061</td>\n",
       "      <td>0.011615</td>\n",
       "      <td>0.033740</td>\n",
       "      <td>0.034025</td>\n",
       "      <td>0.026513</td>\n",
       "      <td>0.112129</td>\n",
       "      <td>0.017140</td>\n",
       "      <td>0.016254</td>\n",
       "      <td>0.024484</td>\n",
       "      <td>0.018745</td>\n",
       "      <td>0.041603</td>\n",
       "      <td>0.134185</td>\n",
       "      <td>0.036618</td>\n",
       "      <td>0.040467</td>\n",
       "    </tr>\n",
       "    <tr>\n",
       "      <th>UNFI</th>\n",
       "      <td>0.000106</td>\n",
       "      <td>0.036240</td>\n",
       "      <td>0.041436</td>\n",
       "      <td>-0.007173</td>\n",
       "      <td>0.041078</td>\n",
       "      <td>0.061302</td>\n",
       "      <td>0.028726</td>\n",
       "      <td>0.039331</td>\n",
       "      <td>0.078830</td>\n",
       "      <td>0.030846</td>\n",
       "      <td>-0.000936</td>\n",
       "      <td>0.020137</td>\n",
       "      <td>0.017129</td>\n",
       "      <td>0.037538</td>\n",
       "      <td>0.036618</td>\n",
       "      <td>0.257872</td>\n",
       "      <td>0.035314</td>\n",
       "    </tr>\n",
       "    <tr>\n",
       "      <th>WFG</th>\n",
       "      <td>0.003381</td>\n",
       "      <td>0.040507</td>\n",
       "      <td>0.059605</td>\n",
       "      <td>-0.001548</td>\n",
       "      <td>0.037028</td>\n",
       "      <td>0.043015</td>\n",
       "      <td>0.029004</td>\n",
       "      <td>0.044022</td>\n",
       "      <td>0.112006</td>\n",
       "      <td>0.031889</td>\n",
       "      <td>0.008541</td>\n",
       "      <td>0.031638</td>\n",
       "      <td>0.031902</td>\n",
       "      <td>0.054512</td>\n",
       "      <td>0.040467</td>\n",
       "      <td>0.035314</td>\n",
       "      <td>0.164815</td>\n",
       "    </tr>\n",
       "  </tbody>\n",
       "</table>\n",
       "</div>"
      ],
      "text/plain": [
       "           300750.SZ      ANET      ASML    BHP.AX        BP       CRC  \\\n",
       "300750.SZ   0.232146  0.016343  0.021885  0.004962  0.005994  0.005041   \n",
       "ANET        0.016343  0.148431  0.101918 -0.000217  0.020704  0.036498   \n",
       "ASML        0.021885  0.101918  0.196789 -0.001036  0.036724  0.053864   \n",
       "BHP.AX      0.004962 -0.000217 -0.001036  0.096303  0.012044  0.003699   \n",
       "BP          0.005994  0.020704  0.036724  0.012044  0.111227  0.075699   \n",
       "CRC         0.005041  0.036498  0.053864  0.003699  0.075699  0.200916   \n",
       "CSCO        0.000487  0.049861  0.054573 -0.001148  0.017812  0.024046   \n",
       "DE         -0.001325  0.028652  0.046734  0.005348  0.040316  0.036098   \n",
       "EBIX        0.037466  0.122597  0.160281 -0.028074  0.053333  0.069469   \n",
       "EQNR        0.006319  0.018019  0.032804  0.008551  0.074932  0.079396   \n",
       "IBE.MC     -0.006213  0.014916  0.020831 -0.000809  0.004880  0.009371   \n",
       "KER.PA      0.020198  0.031013  0.056307  0.010365  0.022414  0.022407   \n",
       "PUB.PA      0.009922  0.020171  0.042568  0.002183  0.024991  0.022942   \n",
       "SCCO        0.032983  0.038755  0.066610  0.016200  0.055459  0.059154   \n",
       "SNPS        0.018376  0.080916  0.112286 -0.008061  0.011615  0.033740   \n",
       "UNFI        0.000106  0.036240  0.041436 -0.007173  0.041078  0.061302   \n",
       "WFG         0.003381  0.040507  0.059605 -0.001548  0.037028  0.043015   \n",
       "\n",
       "               CSCO        DE      EBIX      EQNR    IBE.MC    KER.PA  \\\n",
       "300750.SZ  0.000487 -0.001325  0.037466  0.006319 -0.006213  0.020198   \n",
       "ANET       0.049861  0.028652  0.122597  0.018019  0.014916  0.031013   \n",
       "ASML       0.054573  0.046734  0.160281  0.032804  0.020831  0.056307   \n",
       "BHP.AX    -0.001148  0.005348 -0.028074  0.008551 -0.000809  0.010365   \n",
       "BP         0.017812  0.040316  0.053333  0.074932  0.004880  0.022414   \n",
       "CRC        0.024046  0.036098  0.069469  0.079396  0.009371  0.022407   \n",
       "CSCO       0.065909  0.021221  0.059906  0.014127  0.011893  0.020851   \n",
       "DE         0.021221  0.104736  0.055096  0.040142  0.003896  0.021727   \n",
       "EBIX       0.059906  0.055096  0.763457  0.035355  0.030512  0.066041   \n",
       "EQNR       0.014127  0.040142  0.035355  0.130790 -0.000991  0.014349   \n",
       "IBE.MC     0.011893  0.003896  0.030512 -0.000991  0.056954  0.020734   \n",
       "KER.PA     0.020851  0.021727  0.066041  0.014349  0.020734  0.101486   \n",
       "PUB.PA     0.016094  0.020329  0.059722  0.014555  0.017140  0.041368   \n",
       "SCCO       0.022146  0.053287  0.076209  0.056723  0.002125  0.033850   \n",
       "SNPS       0.034025  0.026513  0.112129  0.017140  0.016254  0.024484   \n",
       "UNFI       0.028726  0.039331  0.078830  0.030846 -0.000936  0.020137   \n",
       "WFG        0.029004  0.044022  0.112006  0.031889  0.008541  0.031638   \n",
       "\n",
       "             PUB.PA      SCCO      SNPS      UNFI       WFG  \n",
       "300750.SZ  0.009922  0.032983  0.018376  0.000106  0.003381  \n",
       "ANET       0.020171  0.038755  0.080916  0.036240  0.040507  \n",
       "ASML       0.042568  0.066610  0.112286  0.041436  0.059605  \n",
       "BHP.AX     0.002183  0.016200 -0.008061 -0.007173 -0.001548  \n",
       "BP         0.024991  0.055459  0.011615  0.041078  0.037028  \n",
       "CRC        0.022942  0.059154  0.033740  0.061302  0.043015  \n",
       "CSCO       0.016094  0.022146  0.034025  0.028726  0.029004  \n",
       "DE         0.020329  0.053287  0.026513  0.039331  0.044022  \n",
       "EBIX       0.059722  0.076209  0.112129  0.078830  0.112006  \n",
       "EQNR       0.014555  0.056723  0.017140  0.030846  0.031889  \n",
       "IBE.MC     0.017140  0.002125  0.016254 -0.000936  0.008541  \n",
       "KER.PA     0.041368  0.033850  0.024484  0.020137  0.031638  \n",
       "PUB.PA     0.078554  0.025285  0.018745  0.017129  0.031902  \n",
       "SCCO       0.025285  0.146680  0.041603  0.037538  0.054512  \n",
       "SNPS       0.018745  0.041603  0.134185  0.036618  0.040467  \n",
       "UNFI       0.017129  0.037538  0.036618  0.257872  0.035314  \n",
       "WFG        0.031902  0.054512  0.040467  0.035314  0.164815  "
      ]
     },
     "execution_count": 59,
     "metadata": {},
     "output_type": "execute_result"
    }
   ],
   "source": [
    "from pypfopt import black_litterman, risk_models\n",
    "from pypfopt import BlackLittermanModel, plotting\n",
    "\n",
    "S = risk_models.CovarianceShrinkage(prices).ledoit_wolf()\n",
    "delta = black_litterman.market_implied_risk_aversion(market_prices)\n",
    "print(delta)\n",
    "S"
   ]
  },
  {
   "cell_type": "code",
   "execution_count": 60,
   "id": "2aa942fd",
   "metadata": {},
   "outputs": [
    {
     "data": {
      "text/plain": [
       "300750.SZ    0.067833\n",
       "ANET         0.094148\n",
       "ASML         0.132992\n",
       "BHP.AX       0.036915\n",
       "BP           0.066733\n",
       "CRC          0.073621\n",
       "CSCO         0.063907\n",
       "DE           0.067343\n",
       "EBIX         0.129937\n",
       "EQNR         0.065556\n",
       "IBE.MC       0.037068\n",
       "KER.PA       0.065140\n",
       "PUB.PA       0.052796\n",
       "SCCO         0.086175\n",
       "SNPS         0.102834\n",
       "UNFI         0.060244\n",
       "WFG          0.069789\n",
       "dtype: float64"
      ]
     },
     "execution_count": 60,
     "metadata": {},
     "output_type": "execute_result"
    }
   ],
   "source": [
    "market_prior = black_litterman.market_implied_prior_returns(mcaps, delta, S)\n",
    "market_prior"
   ]
  },
  {
   "cell_type": "code",
   "execution_count": 113,
   "id": "981b316d",
   "metadata": {},
   "outputs": [],
   "source": [
    "viewdict = {\n",
    "    'CRC': 0.19,\n",
    "    'IBE.MC': 0.13,\n",
    "    '300750.SZ': 0.12,\n",
    "    'SCCO': 0.37,\n",
    "    'PUB.PA': 0.1,\n",
    "    'KER.PA': 0.1,\n",
    "    'CSCO': 0.11,\n",
    "    'UNFI': 0.48,\n",
    "    'EQNR': 0.12,\n",
    "    'EBIX': 0.28,\n",
    "    'ASML': 0.04,\n",
    "    'SNPS': 0.14,\n",
    "    'DE': 0.25,\n",
    "    'WFG': 0.25,\n",
    "    'BHP.AX': 0.16,\n",
    "    'ANET': 0.26,\n",
    "    'BP': 0.1\n",
    "}\n",
    "\n",
    "horizondict = {\n",
    "    'CRC': 3,\n",
    "    'IBE.MC': 2,\n",
    "    '300750.SZ': 3,\n",
    "    'SCCO': 1,\n",
    "    'PUB.PA': 3,\n",
    "    'KER.PA': 2,\n",
    "    'CSCO': 1,\n",
    "    'UNFI': 1,\n",
    "    'EQNR': 2,\n",
    "    'EBIX': 5,\n",
    "    'ASML': 5,\n",
    "    'SNPS': 3,\n",
    "    'DE': 5,\n",
    "    'WFG': 5,\n",
    "    'BHP.AX': 5,\n",
    "    'ANET': 1,\n",
    "    'BP': 1\n",
    "}\n",
    "    \n",
    "\n",
    "\n",
    "other_analyst_views = {\n",
    "    'CRC': 0.21,\n",
    "    'IBE.MC': 0.02,\n",
    "    '300750.SZ': 0.28,\n",
    "    'SCCO': 0.30,\n",
    "    'PUB.PA': 0.10,\n",
    "    'KER.PA': 0.13,\n",
    "    'CSCO': 0.10,\n",
    "    'UNFI': 0.15,\n",
    "    'EQNR': 0.21,\n",
    "    'EBIX': -0.15,\n",
    "    'ASML': 0.13,\n",
    "    'SNPS': 0.16,\n",
    "    'DE': 0.11,\n",
    "    'WFG': 0.23,\n",
    "    'BHP.AX': -0.1,\n",
    "    'ANET': 0.32,\n",
    "    'BP': 0.14\n",
    "}"
   ]
  },
  {
   "cell_type": "code",
   "execution_count": 105,
   "id": "0addc0f6",
   "metadata": {},
   "outputs": [
    {
     "name": "stdout",
     "output_type": "stream",
     "text": [
      "2022-01-25\n",
      "[*********************100%***********************]  1 of 1 completed\n",
      "2022-01-25\n",
      "[*********************100%***********************]  1 of 1 completed\n",
      "2022-01-25\n",
      "[*********************100%***********************]  1 of 1 completed\n",
      "2022-01-25\n",
      "[*********************100%***********************]  1 of 1 completed\n",
      "2022-01-25\n",
      "[*********************100%***********************]  1 of 1 completed\n",
      "2022-01-25\n",
      "[*********************100%***********************]  1 of 1 completed\n",
      "2022-01-25\n",
      "[*********************100%***********************]  1 of 1 completed\n",
      "2022-01-25\n",
      "[*********************100%***********************]  1 of 1 completed\n",
      "2022-01-25\n",
      "[*********************100%***********************]  1 of 1 completed\n",
      "2022-01-25\n",
      "[*********************100%***********************]  1 of 1 completed\n",
      "2022-01-25\n",
      "[*********************100%***********************]  1 of 1 completed\n",
      "2022-01-25\n",
      "[*********************100%***********************]  1 of 1 completed\n",
      "2022-01-25\n",
      "[*********************100%***********************]  1 of 1 completed\n",
      "2022-01-25\n",
      "[*********************100%***********************]  1 of 1 completed\n",
      "2022-01-25\n",
      "[*********************100%***********************]  1 of 1 completed\n",
      "2022-01-25\n",
      "[*********************100%***********************]  1 of 1 completed\n",
      "2022-01-25\n",
      "[*********************100%***********************]  1 of 1 completed\n",
      "2022-01-25\n",
      "[*********************100%***********************]  1 of 1 completed\n",
      "2022-01-25\n",
      "[*********************100%***********************]  1 of 1 completed\n",
      "2022-01-25\n",
      "[*********************100%***********************]  1 of 1 completed\n",
      "2022-01-25\n",
      "[*********************100%***********************]  1 of 1 completed\n",
      "2022-01-25\n",
      "[*********************100%***********************]  1 of 1 completed\n",
      "2022-01-25\n",
      "[*********************100%***********************]  1 of 1 completed\n",
      "2022-01-25\n",
      "[*********************100%***********************]  1 of 1 completed\n",
      "2022-01-25\n",
      "[*********************100%***********************]  1 of 1 completed\n",
      "2022-01-25\n",
      "[*********************100%***********************]  1 of 1 completed\n",
      "2022-01-25\n",
      "[*********************100%***********************]  1 of 1 completed\n",
      "2022-01-25\n",
      "[*********************100%***********************]  1 of 1 completed\n",
      "2022-01-25\n",
      "[*********************100%***********************]  1 of 1 completed\n",
      "2022-01-25\n",
      "[*********************100%***********************]  1 of 1 completed\n",
      "2022-01-25\n",
      "[*********************100%***********************]  1 of 1 completed\n",
      "2022-01-25\n",
      "[*********************100%***********************]  1 of 1 completed\n",
      "2022-01-25\n",
      "[*********************100%***********************]  1 of 1 completed\n",
      "2022-01-25\n",
      "[*********************100%***********************]  1 of 1 completed\n"
     ]
    },
    {
     "data": {
      "text/plain": [
       "[0.4822053666772558,\n",
       " 0.3224256068722582,\n",
       " 0.36991550022155717,\n",
       " 0.42748800385773633,\n",
       " 0.5000000043067573,\n",
       " 0.4624866107294726,\n",
       " 0.484464440529194,\n",
       " 0.2578949980572769,\n",
       " 0.40173449496781005,\n",
       " 0.3113152234001053,\n",
       " 0.4196139031240164,\n",
       " 0.4782293265885608,\n",
       " 0.33265540052123665,\n",
       " 0.48035437406048365,\n",
       " 0.20106495318290996,\n",
       " 0.4381205265363667,\n",
       " 0.4522663555907569]"
      ]
     },
     "execution_count": 105,
     "metadata": {},
     "output_type": "execute_result"
    }
   ],
   "source": [
    "def confidence_calc(stock: str) -> float:\n",
    "    \n",
    "    mu = other_analyst_views[stock]\n",
    "    sigma = (S[stock][stock])**0.5\n",
    "    \n",
    "    def normal_pdf(x):\n",
    "        output = (sigma*(2*3.1415926)**0.5)**(-1)*np.power(2.718281828,-0.5*((x-mu)/sigma)**2)\n",
    "        return(output)\n",
    "    \n",
    "    def normal_cdf(x):\n",
    "        output = integrate.quad(normal_pdf,-1*np.inf,x)\n",
    "        return(output)\n",
    "       \n",
    "    if viewdict[stock]>other_analyst_views[stock]:\n",
    "        output = 2*(1-normal_cdf(viewdict[stock])[0])\n",
    "    else:\n",
    "        output = 2*normal_cdf(viewdict[stock])[0]\n",
    "    return(output)\n",
    "\n",
    "def yearly_stdv(stock):\n",
    "\n",
    "    #Set out today's date and the year to date\n",
    "    today = date.today()\n",
    "    ytd = today - timedelta(days=365)\n",
    "\n",
    "    print(ytd)\n",
    "    data = yf.download(stock, start=ytd.strftime(\"%Y-%m-%d\"), end=today.strftime(\"%Y-%m-%d\"))\n",
    "    prices = data['Adj Close']\n",
    "    prices.tail()\n",
    "\n",
    "    returns = prices.pct_change()\n",
    "    stdev = returns.std()\n",
    "\n",
    "    return stdev\n",
    "\n",
    "\n",
    "def BS_Prob(stock):\n",
    "    horizon = horizondict[stock]\n",
    "    views = viewdict[stock]\n",
    "    last_price = prices[stock].tail()[1]\n",
    "    # Risk-free rate - needed under risk-neutral assumption\n",
    "    r = 0.03\n",
    "    # The calculation of the d2 parameter for the cdf function\n",
    "    d2 = (np.log(last_price / views) + ((r - yearly_stdv(stock)**2 / 2) * horizon)) / (yearly_stdv(stock) * np.sqrt(horizon))\n",
    "    # Calculation of the cumulative normal distribution function\n",
    "    prob = norm.cdf(-d2)\n",
    "\n",
    "    return prob\n",
    "\n",
    "\n",
    "\n",
    "confidences = [0.5*confidence_calc(stock)+ 0.5* BS_Prob(stock) for stock in tickers]\n",
    "confidences\n",
    "\n",
    " "
   ]
  },
  {
   "cell_type": "code",
   "execution_count": 106,
   "id": "60eca788",
   "metadata": {},
   "outputs": [],
   "source": [
    "bl = BlackLittermanModel(S, pi=market_prior, absolute_views=viewdict, omega=\"idzorek\", view_confidences=confidences)"
   ]
  },
  {
   "cell_type": "code",
   "execution_count": 107,
   "id": "27aa6243",
   "metadata": {},
   "outputs": [
    {
     "data": {
      "text/plain": [
       "array([0.01078721, 0.00598438, 0.01977098, 0.00982205, 0.00392771,\n",
       "       0.00589749, 0.00350682, 0.03710188, 0.00973866, 0.08444518,\n",
       "       0.01360937, 0.00732012, 0.01050567, 0.00891483, 0.01913317,\n",
       "       0.00951795, 0.00673528])"
      ]
     },
     "execution_count": 107,
     "metadata": {},
     "output_type": "execute_result"
    }
   ],
   "source": [
    "np.diag(bl.omega)"
   ]
  },
  {
   "cell_type": "code",
   "execution_count": 108,
   "id": "df9f7cc0",
   "metadata": {},
   "outputs": [
    {
     "data": {
      "text/plain": [
       "300750.SZ    0.086100\n",
       "ANET         0.174656\n",
       "ASML         0.185160\n",
       "BHP.AX       0.053130\n",
       "BP           0.125389\n",
       "CRC          0.163461\n",
       "CSCO         0.101035\n",
       "DE           0.157650\n",
       "EBIX         0.263317\n",
       "EQNR         0.120516\n",
       "IBE.MC       0.056421\n",
       "KER.PA       0.104282\n",
       "PUB.PA       0.088002\n",
       "SCCO         0.224977\n",
       "SNPS         0.145066\n",
       "UNFI         0.194294\n",
       "WFG          0.182355\n",
       "dtype: float64"
      ]
     },
     "execution_count": 108,
     "metadata": {},
     "output_type": "execute_result"
    }
   ],
   "source": [
    "omega = bl.omega\n",
    "bl = BlackLittermanModel(S, pi=\"market\", market_caps=mcaps, risk_aversion=delta,\n",
    "                        absolute_views=viewdict, omega=omega)\n",
    "ret_bl = bl.bl_returns()\n",
    "ret_bl"
   ]
  },
  {
   "cell_type": "code",
   "execution_count": 109,
   "id": "e86128d4",
   "metadata": {},
   "outputs": [
    {
     "data": {
      "text/html": [
       "<div>\n",
       "<style scoped>\n",
       "    .dataframe tbody tr th:only-of-type {\n",
